567
632
455
998
735
206
28
973
561
444
929
634
732
413
225
904
270
953
335
489
478
897
97
661
257
696
136
451
611
729
755
881
725
653
532
636
704
364
432
28
271
926
674
722
271
544
777
507
25
77
889
141
389
717
858
176
219
897
892
180
514
321
574
613
495
290
427
471
196
318
309
815
271
918
84
153
75
165
819
522
810
72
819
724
725
798
882
13
55
212
480
552
82
85
589
473
915
193
862
876
824
106
317
569
840
858
277
902
773
234
923
967
458
76
950
746
457
17
351
750
906
924
643
765
694
24
743
608
497
576
651
284
200
779
841
712
891
259
733
409
915
898
70
636
258
32
691
256
843
561
357
915
253
652
144
290
901
95
805
711
593
900
782
143
364
476
622
460
806
490
80
434
847
122
905
578
15
960
212
42
412
438
683
729
387
666
84
809
990
255
478
542
128
222
114
819
597
20
965
410
719
226
808
5
177
939
816
424
450
297
248
449
908
948
240
737
974
276
405
377
595
335
194
774
185
364
60
456
373
438
929
795
265
464
493
680
735
886
938
68
815
645
589
238
381
612
611
204
293
687
798
791
656
107
34
743
170
117
87
703
895
836
494
597
583
970
411
988
227
961
140
617
712
558
56
239
717
500
188
556
218
845
627
623
347
775
597
702
768
389
207
83
801
137
522
291
878
922
684
309
800
660
340
868
695
291
321
277
558
943
585
744
777
909
174
290
220
632
205
93
818
301
604
107
844
39
698
100
588
713
350
441
254
830
871
635
279
115
953
88
852
150
576
195
256
369
953
986
75
406
736
575
736
537
80
53
382
405
583
993
48
761
464
92
271
30
247
539
87
534
766
22
571
300
545
200
833
70
970
763
919
575
220
677
74
912
805
380
669
634
92
981
245
846
504
199
90
79
875
81
417
97
459
345
12
772
133
534
995
928
652
733
911
466
471
883
644
931
112
398
337
730
725
596
368
994
149
402
499
276
433
868
262
217
305
773
521
144
852
881
509
674
114
507
844
779
809
500
205
757
391
711
885
130
989
51
864
880
977
916
426
951
259
73
27
434
174
272
420
440
423
298
650
543
107
949
217
309
409
351
719
967
825
722
507
511
265
845
916
856
452
247
877
126
104
966
557
289
635
958
191
558
258
113
634
410
428
263
87
229
799
30
731
618
448
311
441
222
234
681
698
843
204
239
490
332
730
671
935
292
996
293
75
318
217
79
218
775
613
233
165
390
116
795
104
690
335
496
19
276
595
64
261
573
873
548
895
854
68
279
530
665
442
249
485
355
643
580
426
61
451
961
474
345
286
767
25
630
98
151
115
261
55
541
588
142
558
151
672
742
503
222
854
253
131
456
736
323
52
266
788
256
293
915
940
889
569
960
250
930
428
621
111
442
448
478
143
290
737
838
516
580
294
612
151
360
332
811
613
274
727
294
901
333
129
166
989
314
824
669
375
959
564
623
483
45
134
300
798
359
835
135
130
974
577
200
713
591
728
722
373
136
716
270
627
328
454
680
886
451
447
717
164
503
557
169
803
657
762
298
677
15
223
889
664
266
576
175
545
305
265
319
540
193
986
407
265
35
348
840
60
165
759
983
2
786
982
846
677
615
29
719
901
638
796
684
942
978
359
455
910
806
629
611
24
803
784
737
310
645
912
240
145
240
138
984
149
854
625
266
657
120
252
394
699
83
73
512
627
104
473
690
487
774
813
877
604
530
803
703
481
364
803
158
737
156
651
833
89
651
657
588
210
421
522
822
511
133
251
848
76
88
465
141
638
537
887
106
863
786
89
581
829
686
53
376
941
345
959
983
61
44
832
394
668
706
742
669
845
22
748
58
795
927
971
906
413
310
428
469
9
653
163
897
734
458
783
645
970
737
735
509
261
794
598
13
774
48
439
330
680
8
871
862
163
173
146
891
252
440
882
669
937
535
741
759
775
534
634
33
301
82
237
727
261
699
708
456
168
578
124
694
347
54
559
709
136
468
858
715
871
848
248
299
194
810
369
836
82
697
265
266
530
805
840
278
492
923
597
925
439
842
203
321
876
897
123
731
836
647
994
198
458
660
662
827
341
947
750
809
255
161
142
842
336
677
863
622
881
967
137
841
435
879
964
71
384
419
699
155
440
373
972
590
705
549
721
891
901
765
251
419
600
648
536
871
864
806
178
173
741
523
22
37
813
858
301
387
988
443
134
574
91
786
102
517
297
484
434
348
372
926
93
741
274
40
521
853
271
600
7
937
870
507
346
508
469
468
7
791
367
66
421
468
887
559
309
750
500
518
546
729
707
917
991
479
864
930
0
619
715
934
310
956
632
519
274
447
134
50
768
389
396
405
496
201
944
351
53
254
967
876
637
65
310
281
346
475
795
243
679
623
870
890
457
649
221
840
756
45
749
595
189
111
674
118
592
82
432
893
746
695
383
566
345
843
665
353
142
804
106
235
926
306
269
984
20
528
535
479
564
198
861
801
715
834
191
375
938
504
727
640
221
16
769
358
595
972
440
360
28
696
849
769
78
287
321
301
129
534
651
334
523
741
67
892
622
946
938
241
559
150
485
335
142
724
41
840
804
340
156
938
479
641
794
797
360
895
550
227
210
43
707
582
933
448
855
10
112
514
664
540
233
595
952
669
896
565
642
262
417
693
907
708
573
811
925
214
423
703
832
983
940
795
163
430
132
700
983
717
698
834
55
365
804
828
173
868
75
738
360
448
807
530
971
879
906
305
318
597
826
467
747
118
550
381
185
136
819
77
221
636
445
454
119
598
747
471
898
121
273
302
285
838
75
544
781
858
493
0
221
341
336
484
766
183
420
146
3
493
627
216
373
39
138
762
199
640
27
428
393
953
706
366
83
469
686
779
895
625
455
472
368
213
991
837
373
130
997
811
326
653
819
50
883
353
491
575
692
418
486
822
215
414
810
123
840
877
475
141
925
501
739
129
641
414
542
563
747
630
976
593
890
240
426
205
458
827
68
292
921
233
829
0
671
490
167
568
479
371
910
558
162
280
604
977
539
678
476
126
818
243
717
547
747
255
831
41
290
278
760
726
607
772
980
310
768
760
897
264
534
373
494
941
938
621
478
870
802
32
919
371
830
302
573
111
760
472
849
943
34
860
40
662
857
147
279
214
756
461
832
678
813
920
943
942
786
555
401
948
239
950
209
906
748
432
117
726
452
564
519
508
36
807
162
617
619
936
209
92
311
968
494
669
590
886
183
648
818
110
314
863
837
517
326
427
894
743
558
259
806
252
970
130
745
817
502
442
949
238
605
838
633
994
822
39
242
56
435
193
312
862
755
84
377
263
705
635
148
1
142
258
492
614
435
442
490
561
461
321
33
513
281
134
980
109
133
488
795
446
162
872
929
2
948
915
231
39
874
892
835
472
798
982
725
764
542
803
467
926
335
378
280
213
715
961
136
175
568
304
986
470
134
325
778
383
811
779
86
37
891
23
89
46
919
370
716
655
660
332
332
136
803
714
98
10
108
301
579
319
665
42
978
569
363
837
254
24
500
197
257
524
460
793
251
722
532
826
232
63
211
697
310
203
126
660
323
102
913
111
408
874
519
148
317
308
601
795
343
885
842
189
69
6
949
731
570
867
611
617
113
705
640
911
562
943
961
781
312
59
97
56
855
151
834
154
162
636
423
951
957
699
65
137
192
289
948
952
303
473
905
42
96
262
52
744
771
764
670
396
33
763
721
665
296
324
476
34
95
814
814
264
578
454
112
655
881
719
705
318
261
331
575
862
88
16
166
69
926
535
995
97
311
841
133
366
620
246
372
220
269
423
402
16
352
738
641
610
558
668
444
566
537
382
559
602
328
261
136
401
832
223
578
203
215
434
296
592
560
524
194
840
710
534
71
660
969
59
119
573
918
776
337
54
884
368
924
881
340
336
173
740
605
359
216
819
771
355
598
880
57
387
1
997
30
122
122
6
642
608
595
699
479
891
643
367
458
58
192
280
207
218
85
69
146
245
146
896
121
34
151
891
527
255
859
521
296
110
210
234
500
402
989
966
635
453
884
795
976
750
917
327
936
762
121
307
544
82
778
119
181
945
200
179
655
95
835
390
229
443
791
308
506
640
461
534
984
208
355
231
566
296
190
964
226
309
115
915
856
276
410
551
959
295
772
472
407
536
730
637
825
340
288
5
981
415
577
755
173
969
960
687
965
264
304
820
224
465
477
611
780
828
816
406
165
328
54
988
746
104
209
808
376
946
549
1
569
439
992
418
933
907
109
401
397
538
177
8
521
32
867
775
714
140
807
963
320
152
780
70
936
989
476
817
883
731
846
683
414
467
675
934
721
695
329
114
276
921
854
60
869
443
235
380
833
202
297
742
475
112
482
697
407
604
416
613
518
606
435
457
143
799
439
709
691
328
130
514
184
824
47
761
151
545
791
483
329
414
263
671
87
828
389
811
323
980
358
207
24
569
503
298
546
389
632
7
891
673
835
504
346
225
816
883
399
47
173
154
715
714
52
137
391
465
21
239
692
115
859
933
940
398
221
42
494
418
968
271
63
22
239
579
114
535
450
220
492
896
409
91
624
143
438
231
322
901
173
886
306
638
45
419
617
164
372
875
447
860
310
107
160
814
224
921
247
723
617
130
869
846
346
422
214
477
300
805
561
574
379
271
357
272
213
836
449
235
16
55
981
276
989
934
395
45
557
350
148
372
812
193
41
556
343
39
730
530
800
813
416
127
556
65
761
383
289
696
40
754
743
741
959
798
246
116
206
731
488
574
594
386
31
278
568
354
967
20
630
47
893
707
221
62
45
538
820
374
804
243
591
126
856
768
761
812
834
331
892
727
682
275
606
314
333
827
150
730
684
147
97
124
184
12
122
97
267
241
877
1
174
735
764
547
64
427
176
838
217
175
73
780
53
560
398
275
123
111
835
977
203
868
689
561
262
391
168
491
579
957
632
205
783
339
429
279
364
615
123
301
467
275
511
452
673
329
153
208
784
556
533
543
84
129
524
438
504
464
453
656
105
31
372
781
242
892
427
858
710
762
864
19
895
80
928
624
947
430
123
11
16
430
223
630
632
154
104
758
697
732
796
647
822
454
951
260
15
707
221
800
300
137
527
446
911
332
157
414
474
667
430
591
819
217
382
359
186
397
905
779
892
640
681
444
733
370
233
305
71
137
168
201
214
50
884
248
179
876
870
358
280
392
226
656
352
295
865
118
746
237
521
697
396
249
842
728
870
229
941
839
881
790
638
620
729
932
792
867
976
769
954
639
451
817
830
977
316
594
176
600
11
608
791
477
752
214
692
91
275
374
841
993
593
123
410
596
604
756
390
367
387
155
352
436
833
60
60
122
764
574
106
688
326
347
702
356
150
657
179
232
884
581
125
168
107
460
913
302
670
486
407
847
80
78
348
376
458
117
722
44
270
923
685
73
390
572
624
485
180
771
76
920
924
149
881
408
736
176
950
629
623
240
768
120
569
810
704
172
306
551
803
237
802
624
876
937
811
1
919
451
292
32
744
508
805
706
858
883
372
938
957
128
900
210
801
614
196
384
467
928
18
419
304
309
573
783
438
341
859
239
464
839
899
479
595
353
65
976
773
628
1
835
473
81
423
726
412
804
91
762
49
638
273
710
935
169
350
634
420
44
7
850
554
906
847
966
148
820
97
96
911
909
298
551
679
179
253
30
695
947
199
795
280
614
299
66
808
438
937
252
61
241
548
756
241
223
946
186
343
881
385
124
659
726
581
496
368
629
386
251
382
215
699
873
234
782
503
9
887
131
312
598
924
708
536
142
680
644
368
689
519
180
805
995
375
222
194
917
69
654
352
496
554
376
286
157
736
322
57
391
375
902
146
549
239
937
71
398
367
355
647
441
191
528
769
398
372
488
132
786
977
137
101
178
368
744
956
777
490
542
689
817
49
818
692
855
566
524
311
567
864
880
521
528
836
662
514
865
795
977
631
925
819
288
504
83
166
430
944
278
936
747
807
413
373
923
864
455
774
437
220
696
748
867
15
242
493
875
134
603
612
484
309
382
726
820
161
3
226
204
834
391
719
274
616
992
335
712
576
469
630
578
943
832
604
625
647
266
14
93
38
251
656
878
370
195
767
425
885
824
756
395
285
663
806
878
396
653
470
48
778
369
265
841
646
394
170
300
272
713
530
853
817
622
207
952
735
300
758
492
254
221
104
877
933
617
588
398
717
964
415
187
98
485
542
582
100
197
903
160
615
593
873
507
705
453
768
883
79
568
627
318
205
364
321
619
414
910
106
262
71
363
789
484
282
922
979
516
195
584
975
188
372
711
291
428
319
288
730
284
47
459
379
985
420
769
419
247
657
408
631
90
13
340
254
487
673
367
761
278
659
83
32
11
506
133
964
825
490
545
230
832
420
139
922
548
865
705
771
422
846
82
202
92
818
746
421
202
904
445
149
744
437
210
846
568
480
214
28
813
294
76
553
633
444
578
706
785
795
949
181
971
488
418
743
434
139
802
743
353
17
183
851
795
530
800
277
418
678
936
487
886
33
185
606
850
986
368
13
316
707
604
273
1
384
976
262
180
31
744
457
452
956
714
809
282
492
74
959
26
616
632
660
120
791
523
443
106
623
337
346
650
681
917
567
415
986
237
499
302
482
437
6
665
115
144
48
449
767
627
533
695
986
864
607
616
69
986
724
422
658
266
72
567
190
435
693
595
771
330
123
357
517
130
981
3
665
759
761
710
647
491
410
416
134
19
13
688
234
676
443
1
541
573
796
363
71
615
278
958
909
376
421
929
389
614
366
295
26
358
299
59
553
843
765
146
494
861
508
525
550
237
984
720
462
60
719
686
246
661
569
91
883
810
173
646
487
487
19
892
961
748
858
56
954
296
107
311
73
773
159
184
828
322
752
625
758
345
427
911
260
675
617
237
338
942
279
816
674
105
666
305
787
888
34
736
765
422
115
521
477
466
455
415
962
539
898
687
841
600
702
458
473
982
867
272
825
558
105
64
493
272
329
911
33
633
422
809
321
904
504
900
463
648
67
21
411
239
447
224
925
305
760
819
329
590
668
889
425
22
78
991
496
464
83
137
56
598
541
434
53
289
762
370
816
490
391
34
514
358
437
123
939
491
811
818
101
438
12
882
967
989
991
407
178
90
385
807
511
993
625
359
96
472
246
298
106
674
219
923
861
144
40
81
64
748
229
947
856
804
908
598
132
205
229
486
0
360
60
635
788
241
707
363
198
476
85
972
67
920
807
5
790
741
688
671
637
475
614
384
828
507
176
298
211
803
797
968
398
193
418
754
159
399
947
410
888
599
819
945
209
215
339
132
405
830
574
952
939
659
170
457
53
850
621
481
493
806
799
344
947
921
704
683
478
626
307
707
919
894
437
344
271
171
489
220
767
667
363
751
134
857
703
590
936
914
615
220
294
833
666
664
822
931
756
491
620
415
681
521
991
885
483
133
728
381
326
244
446
730
327
208
48
893
811
548
601
817
190
486
838
936
361
982
208
414
498
279
447
487
146
786
810
798
893
818
172
314
78
30
157
386
327
682
34
305
694
645
825
827
216
687
894
516
118
890
456
603
367
718
496
990
986
790
610
122
507
473
346
218
942
139
232
120
706
987
926
330
2
745
605
688
301
708
120
838
806
49
756
357
500
260
139
474
405
388
767
426
315
197
792
94
950
771
955
795
177
587
655
72
717
756
383
510
197
297
431
467
357
129
295
22
121
882
777
308
601
555
126
44
282
597
869
37
505
769
726
611
683
803
389
413
855
221
273
366
955
139
945
328
143
929
483
823
556
273
123
426
449
588
132
650
104
933
360
597
674
649
495
77
934
66
710
268
571
210
533
880
881
77
695
445
591
542
562
577
283
35
655
18
516
633
652
309
302
363
943
588
230
578
584
100
396
9
841
819
938
99
321
497
757
455
31
659
217
570
407
100
328
532
841
542
559
10
306
71
58
921
441
313
211
460
921
248
712
360
280
493
355
503
602
370
931
603
560
564
658
961
996
699
918
133
384
513
627
740
860
738
477
911
444
197
702
411
517
221
338
958
757
713
114
222
920
69
721
733
411
694
98
664
23
212
164
713
444
855
327
693
954
803
453
705
983
442
239
479
220
332
656
674
861
933
134
896
337
299
996
859
360
726
444
668
48
10
226
561
463
229
73
318
347
973
246
588
364
716
813
564
592
677
675
727
105
943
272
274
587
308
279
907
484
340
302
901
104
581
330
168
998
678
150
867
144
493
44
69
71
156
808
982
228
733
458
384
470
580
642
100
428
351
529
822
237
120
688
58
844
317
400
57
51
907
267
249
209
26
82
980
353
938
15
921
931
755
261
728
659
302
432
195
549
744
825
362
975
24
938
798
262
700
558
231
484
726
226
440
993
35
91
327
826
883
206
164
874
443
338
174
706
965
764
352
252
526
608
614
695
144
896
70
153
957
662
749
420
526
801
798
152
356
286
537
73
940
631
367
439
606
786
424
835
52
198
463
721
256
53
301
590
517
989
398
255
638
686
778
418
356
951
465
432
570
432
318
73
305
983
634
712
858
861
501
911
198
836
921
123
888
930
726
637
539
88
648
213
433
274
195
91
575
729
987
85
949
217
745
766
1
807
411
40
557
231
623
372
685
688
611
311
652
41
356
207
698
436
519
274
880
553
312
900
753
619
347
115
414
649
374
670
650
816
41
166
454
362
973
131
444
255
249
635
997
618
725
858
270
616
740
414
311
731
962
339
555
765
287
722
493
948
464
601
321
286
812
876
412
838
12
602
297
933
299
880
611
342
334
473
14
293
338
48
131
36
374
630
460
363
607
834
400
545
19
730
91
694
143
389
847
244
137
109
163
926
247
485
389
107
297
841
142
902
496
132
884
944
81
799
268
725
935
711
498
703
306
79
572
954
927
342
791
481
22
241
545
664
688
393
944
159
513
254
676
221
363
811
287
136
176
911
845
410
719
109
139
27
780
878
976
354
580
866
655
507
828
146
186
677
24
261
354
511
983
720
710
882
36
194
227
843
58
251
615
58
72
530
474
771
588
810
514
958
507
203
145
923
35
913
608
683
957
526
928
806
903
79
43
798
214
711
674
776
892
12
464
92
775
388
44
92
546
206
510
315
57
462
619
867
359
768
66
651
527
680
869
152
852
875
491
309
55
362
957
896
219
554
465
948
792
37
88
692
767
695
866
232
762
955
572
752
916
752
409
515
194
355
310
808
785
483
842
660
44
141
341
11
699
231
267
282
103
56
127
941
135
406
425
991
829
482
832
690
891
374
915
228
526
84
374
998
812
164
863
9
777
75
919
154
575
19
818
130
287
843
93
264
752
810
180
676
204
543
23
693
314
307
749
735
302
964
618
792
386
754
329
737
420
415
499
451
540
379
534
25
251
575
578
211
525
634
920
549
30
289
323
281
421
271
870
191
179
642
24
268
684
998
277
379
115
67
990
770
514
702
922
250
80
595
441
612
18
246
986
956
615
288
164
810
131
27
733
369
450
413
333
456
453
567
211
70
847
451
194
148
368
670
963
756
24
544
579
780
518
572
679
977
753
413
910
829
134
260
471
651
95
417
281
733
40
292
421
106
592
651
173
317
613
498
422
651
534
406
731
495
479
991
168
346
217
940
87
806
653
888
113
311
929
754
812
30
796
447
496
310
484
275
58
223
404
511
775
754
112
110
30
187
323
550
115
785
213
572
196
206
922
629
729
963
720
726
722
628
871
329
504
819
469
784
815
885
691
397
10
316
405
814
843
128
315
46
503
547
717
700
995
174
467
37
929
406
117
401
244
621
682
618
82
843
389
654
689
810
131
324
212
83
411
164
765
268
573
231
332
161
507
348
38
518
349
520
8
152
16
177
298
452
214
132
114
674
922
56
249
401
254
969
289
267
823
646
766
277
857
924
275
57
879
671
215
497
237
60
568
226
39
212
123
727
277
788
781
253
219
374
545
700
461
730
426
426
657
152
287
783
933
551
379
999
502
434
665
515
625
230
671
110
147
595
532
864
336
615
172
612
114
667
188
590
60
506
2
371
706
777
980
377
449
743
771
355
183
176
926
565
444
843
883
52
374
240
695
703
297
82
103
839
271
754
148
48
133
700
222
887
670
172
667
73
584
459
124
846
342
532
946
65
807
925
205
103
738
755
977
735
884
452
351
876
135
89
657
432
206
959
23
516
37
474
675
65
229
593
73
3
468
955
520
757
53
170
871
577
318
537
873
991
938
456
570
947
775
802
224
721
94
924
761
472
667
359
545
379
399
774
160
490
6
759
292
960
875
737
178
526
454
716
810
639
929
184
320
866
54
918
366
153
50
121
689
261
420
605
809
640
780
154
726
503
901
262
724
87
151
461
619
895
24
435
254
223
685
751
938
621
192
115
450
339
315
60
279
676
750
748
720
447
328
47
227
475
4
730
45
83
615
871
67
644
119
675
361
488
405
491
173
425
158
888
980
768
542
629
357
628
910
789
233
721
861
915
172
885
591
352
3
798
48
86
594
47
125
739
503
610
137
997
750
805
308
440
296
969
428
390
604
489
704
767
525
102
441
698
878
724
380
223
772
128
47
720
613
464
370
298
889
27
524
50
89
776
813
263
987
449
583
539
299
99
33
939
738
826
630
517
758
716
370
524
622
646
184
741
439
204
498
656
454
901
872
552
416
701
560
734
441
361
647
134
515
386
402
240
441
66
697
195
673
484
25
331
878
767
364
487
705
440
414
106
245
253
866
305
233
958
323
102
58
338
225
211
888
34
232
2
363
271
95
877
793
255
452
168
815
9
791
875
303
184
150
897
147
984
944
684
494
579
87
630
875
722
794
84
734
367
580
736
728
769
718
301
916
183
269
966
174
44
612
908
391
450
701
605
389
973
491
164
750
189
225
625
944
140
441
337
109
749
701
657
503
343
430
98
463
223
953
320
904
517
532
815
902
19
10
87
352
945
551
616
188
980
22
111
502
676
721
61
189
64
261
95
627
957
20
983
334
146
338
631
304
973
40
269
912
21
899
386
735
480
546
621
449
384
375
967
556
80
869
972
853
273
135
858
799
416
423
93
854
855
849
128
40
341
920
569
564
818
647
55
660
522
511
51
224
720
66
39
68
636
262
236
303
557
956
695
738
378
377
984
278
941
425
245
846
469
273
670
750
353
250
279
266
535
869
544
562
141
469
608
503
438
686
36
451
556
373
804
132
460
945
805
104
463
598
587
30
555
326
48
648
336
408
334
449
424
3
519
856
446
125
719
923
43
20
278
672
937
14
626
543
904
617
75
315
367
514
6
84
427
113
581
662
591
755
762
355
447
916
694
106
972
77
646
221
331
766
254
671
987
940
285
765
304
525
505
966
351
676
324
279
84
127
450
296
785
437
553
355
139
648
331
622
862
759
244
616
24
774
978
873
970
728
481
137
566
905
76
385
424
520
241
191
798
691
981
984
296
12
177
275
905
18
848
29
826
416
427
8
328
536
784
682
312
151
289
388
391
144
848
735
877
244
82
606
102
825
931
944
203
908
213
717
480
622
484
809
571
165
830
350
678
546
862
801
687
742
520
670
746
574
982
925
118
190
757
180
134
258
643
489
957
412
205
142
666
195
284
129
590
856
33
205
231
504
275
783
989
296
429
436
4
993
341
623
311
843
884
437
851
279
466
177
996
606
729
832
40
446
779
737
17
675
823
8
413
967
353
318
256
753
148
993
232
850
495
393
794
258
631
831
983
749
197
867
752
226
569
583
371
909
902
110
104
196
73
501
838
996
237
42
655
415
834
757
362
426
422
496
417
336
852
44
782
742
346
53
990
760
469
779
533
815
6
347
134
655
596
857
812
995
329
521
402
829
661
149
874
322
43
260
691
503
689
647
877
112
900
737
449
666
74
400
300
343
84
733
220
329
307
444
9
473
547
974
392
229
515
32
953
354
93
713
670
163
78
614
257
453
566
352
889
672
862
103
907
191
819
194
847
792
61
708
298
869
231
486
919
886
261
468
833
195
632
872
431
49
58
203
469
363
21
503
537
760
961
362
712
734
67
659
936
54
715
419
853
392
98
731
254
359
728
116
5
696
260
43
251
251
343
667
18
297
370
577
841
881
525
153
230
449
12
732
526
256
151
756
852
168
642
134
74
995
996
434
254
640
498
849
452
880
451
868
232
734
434
248
442
898
373
161
280
190
65
786
742
628
565
192
107
194
890
962
519
85
142
318
490
850
391
503
172
861
858
292
288
466
568
440
888
801
652
167
614
179
302
297
810
951
731
106
440
303
191
144
148
593
287
394
293
600
410
59
503
449
763
778
42
969
236
823
384
959
910
525
858
835
777
480
119
661
689
595
148
854
228
586
255
201
860
100
194
807
118
862
200
114
709
988
699
930
326
713
777
941
309
592
582
383
957
997
606
80
720
760
642
602
817
949
188
287
504
179
235
552
517
794
498
568
410
878
328
441
75
819
795
542
399
75
86
471
61
382
843
701
996
662
857
835
491
458
446
843
332
706
982
150
997
639
356
555
159
792
726
265
30
859
590
216
206
900
240
825
396
857
605
614
29
211
86
715
661
288
166
65
540
3
455
550
561
381
398
916
204
653
848
683
285
272
161
769
204
685
871
450
134
39
925
490
928
124
30
279
107
373
672
710
21
14
345
256
308
249
164
795
487
11
735
562
26
812
138
671
355
130
477
447
65
182
525
563
584
189
985
911
427
718
112
518
806
859
909
186
517
771
35
440
728
867
634
270
223
908
5
796
826
952
994
438
105
61
987
808
964
652
568
982
154
898
648
341
501
345
228
225
853
710
334
134
363
49
465
630
86
59
204
8
312
659
774
27
197
200
188
572
998
233
120
342
542
57
207
551
840
873
790
872
884
368
137
589
172
443
152
735
360
673
230
432
255
798
530
46
373
255
25
107
449
910
833
121
577
81
29
518
213
197
527
66
845
528
635
939
540
778
133
454
385
351
69
203
870
902
287
247
415
259
82
636
585
0
854
801
501
467
578
223
534
275
121
738
500
168
940
380
780
128
266
467
550
729
229
86
240
799
652
306
403
191
843
215
401
518
936
100
4
310
407
899
640
865
602
110
575
916
339
353
499
266
687
539
411
500
215
487
385
853
447
570
152
43
4
300
717
374
384
46
200
417
593
708
86
242
78
835
913
409
757
652
531
86
962
18
453
738
655
776
853
297
417
117
813
280
680
969
51
999
121
269
167
192
62
856
231
709
98
525
48
885
227
507
870
866
162
195
574
558
721
186
117
892
419
254
290
932
316
407
105
251
220
182
818
169
693
555
111
488
684
891
698
966
593
582
773
379
87
495
549
172
917
657
11
800
664
415
437
255
430
36
90
158
864
725
922
107
257
521
489
867
89
656
336
320
333
8
824
253
92
203
2
77
170
28
842
939
389
254
598
443
122
573
426
881
358
237
121
141
392
948
248
601
512
939
705
44
760
4
394
451
206
690
930
570
620
402
768
656
294
43
280
620
880
744
631
659
6
838
642
913
620
53
710
622
590
435
714
601
743
861
613
630
396
413
976
922
157
665
310
650
876
988
325
812
160
787
14
777
709
342
93
743
566
155
959
483
841
696
938
305
203
258
812
684
868
417
341
321
306
905
580
870
981
314
529
215
231
747
9
465
335
84
316
114
716
970
670
554
312
267
141
972
688
805
703
307
20
53
346
595
277
314
786
505
540
189
797
251
522
434
468
77
626
476
50
834
576
667
769
900
934
939
834
475
114
336
230
878
458
612
354
623
462
101
784
242
838
780
927
313
161
425
357
791
579
712
967
343
570
133
884
549
914
375
653
897
695
499
766
816
211
929
147
556
897
874
333
768
577
138
739
833
136
422
65
382
680
164
959
320
845
592
610
805
109
297
684
178
622
819
949
197
580
458
998
578
842
633
574
197
639
369
980
710
449
403
941
544
346
881
583
893
847
527
20
502
688
157
721
555
443
4
382
440
451
909
478
461
730
49
113
750
58
523
827
78
115
212
373
583
207
704
240
923
911
984
705
758
973
814
889
849
23
782
976
761
523
190
503
567
34
426
420
88
932
984
922
205
482
57
571
348
325
495
275
890
15
957
19
750
186
773
483
348
59
382
834
878
271
269
53
538
628
551
628
108
609
637
310
885
497
114
518
775
538
407
9
950
664
147
427
352
939
511
30
664
33
591
131
404
921
711
33
103
620
433
572
9
599
698
251
195
316
781
986
65
288
441
951
430
784
179
406
389
380
195
553
997
413
936
441
25
35
321
689
687
959
541
73
99
739
769
53
550
835
987
105
366
88
996
387
232
770
981
333
705
899
0
274
108
509
961
753
12
819
536
837
689
657
197
478
875
563
697
718
395
519
523
44
975
570
863
392
62
877
290
717
980
349
295
511
500
670
458
0
537
256
40
331
533
700
296
883
876
837
211
364
720
130
887
715
108
63
33
545
556
690
133
40
543
862
187
288
548
36
584
380
529
256
970
449
964
219
892
360
492
199
758
493
278
628
458
732
191
112
443
172
821
703
17
866
712
521
606
723
54
360
240
99
225
121
495
155
994
518
423
997
469
719
460
35
167
939
231
388
370
468
28
645
205
579
959
496
608
39
17
542
6
417
741
737
787
962
251
20
369
339
839
243
217
871
338
25
12
467
536
720
171
613
594
206
269
108
675
270
278
756
996
385
802
901
345
263
793
151
638
90
148
417
16
522
254
694
95
911
344
701
296
715
681
919
21
442
880
471
149
641
750
916
282
192
351
660
457
87
742
363
469
455
825
748
323
686
837
53
235
324
940
140
937
909
467
358
286
923
664
975
459
601
476
462
725
373
855
538
527
434
701
222
192
845
282
902
172
331
698
745
984
372
149
655
734
803
231
999
765
538
314
205
480
847
375
404
453
304
200
189
606
69
488
742
263
437
350
679
131
657
612
942
471
99
789
843
269
503
578
159
757
488
787
493
519
236
171
170
696
541
724
769
659
627
289
712
404
396
408
84
926
638
873
628
844
266
863
652
250
108
586
228
147
647
743
766
481
112
804
459
657
318
427
409
238
397
969
358
434
501
561
252
768
142
873
273
554
587
631
45
997
835
705
304
150
680
151
692
389
658
594
23
68
212
815
123
758
408
505
656
23
949
948
848
782
699
210
278
715
582
395
851
119
257
341
854
61
989
655
354
175
311
784
937
970
685
165
480
652
3
533
350
963
131
369
206
739
130
154
242
491
156
846
156
418
331
429
443
701
379
788
997
99
55
349
39
481
176
847
381
424
313
597
896
930
157
794
122
874
466
743
659
142
482
426
844
571
500
8
497
300
412
467
515
764
641
956
952
615
906
744
885
18
163
566
235
266
516
661
471
471
216
115
122
119
188
604
16
91
652
461
338
242
409
342
255
115
87
774
647
52
874
239
546
28
401
225
331
115
974
556
580
787
467
675
208
500
519
235
316
607
295
799
886
45
506
224
575
15
710
772
478
924
871
511
729
720
525
663
659
185
324
432
459
117
226
337
232
414
614
805
442
390
229
324
888
740
854
792
940
431
949
760
263
217
647
811
45
980
334
32
714
172
547
126
815
173
925
227
353
225
330
717
55
714
755
216
958
750
352
904
424
114
705
585
810
871
91
106
275
757
195
643
743
784
438
996
165
312
195
835
17
243
516
399
506
269
477
931
520
907
310
237
963
69
668
137
340
607
556
422
597
604
787
334
443
534
563
47
113
315
890
407
815
36
648
555
502
280
806
814
499
628
485
450
702
175
118
926
627
84
597
108
187
865
528
745
807
745
991
874
821
239
504
957
424
132
943
491
457
982
930
544
595
550
884
353
387
358
731
321
549
16
354
965
224
702
819
344
797
264
183
288
815
420
76
164
184
67
125
393
643
963
586
583
896
228
796
685
311
57
367
169
252
688
452
408
938
278
727
787
738
372
995
447
911
924
177
151
12
598
739
555
898
859
488
192
90
891
267
277
623
636
313
893
558
75
417
229
84
191
963
239
937
4
973
520
512
3
537
818
515
867
25
842
448
616
24
883
866
407
522
292
285
998
312
854
969
897
194
724
439
541
524
110
676
309
23
192
358
728
442
6
278
733
473
144
320
230
961
497
785
69
267
497
628
733
464
284
285
623
500
933
509
627
656
218
368
494
655
308
982
708
836
465
535
403
279
8
956
886
139
320
429
90
137
346
941
814
844
496
549
211
75
929
987
719
738
612
438
401
454
606
796
945
770
889
80
276
733
622
223
889
606
142
665
736
268
145
607
295
389
837
312
918
938
692
550
523
162
497
801
369
939
525
131
254
120
26
472
566
430
93
975
303
756
954
544
124
540
974
855
293
697
735
430
755
400
953
334
17
584
675
559
454
705
824
534
949
237
177
573
221
902
42
817
763
764
314
171
271
565
246
838
928
867
717
921
733
588
474
850
215
460
541
830
687
93
793
203
598
189
691
709
153
775
57
453
475
701
917
384
11
673
83
463
132
714
617
142
105
502
691
447
615
557
39
652
472
67
55
56
67
201
131
172
187
468
154
782
777
497
884
602
138
694
848
41
273
297
401
328
833
610
804
952
477
12
826
492
996
786
325
624
159
381
622
145
3
835
784
252
961
644
940
925
721
930
75
174
887
412
265
933
710
984
97
494
531
511
469
964
314
52
877
866
672
839
734
222
31
845
929
445
392
680
684
24
392
313
506
564
146
728
554
754
190
277
589
30
741
795
572
312
854
714
205
810
746
192
56
148
846
34
816
729
195
836
210
62
160
963
437
529
346
679
745
196
197
230
643
898
484
382
862
898
948
989
572
21
646
429
460
518
584
533
434
872
589
96
884
788
321
424
997
336
741
979
894
35
679
953
992
581
380
106
776
589
267
399
440
582
250
756
854
931
91
630
101
797
598
919
242
302
758
591
990
144
617
29
499
39
348
400
566
735
703
938
157
701
628
760
710
699
575
347
450
98
724
133
147
134
89
412
486
914
696
272
991
239
188
589
218
165
606
387
373
188
528
629
708
662
615
972
277
293
319
490
332
412
532
485
331
623
792
215
322
433
349
430
293
879
143
695
90
231
637
346
121
478
789
471
8
912
575
529
740
286
956
818
97
942
110
191
134
4
597
2
514
288
839
518
386
702
211
904
231
880
835
735
791
150
772
509
522
576
491
507
381
518
36
934
997
755
470
535
735
593
123
95
628
792
826
549
133
256
479
551
563
831
443
646
596
203
557
969
276
323
368
130
537
213
721
458
224
462
960
128
16
766
610
283
911
559
445
549
441
547
354
791
243
792
803
661
516
936
221
624
911
955
816
819
509
24
183
324
354
465
897
212
849
32
738
189
324
77
897
252
179
205
197
240
300
845
363
727
530
659
384
77
230
918
808
897
885
918
865
33
858
255
473
557
489
304
590
550
372
262
229
943
126
431
903
390
758
759
848
342
325
334
668
998
423
730
346
757
700
402
660
812
546
323
751
703
281
185
438
540
839
234
925
500
88
187
336
797
576
847
7
568
136
587
418
779
642
58
128
350
588
654
264
623
442
4
504
69
268
870
647
508
503
167
30
356
134
536
530
114
495
996
681
413
671
703
219
968
523
991
54
362
410
989
106
439
961
920
978
699
321
940
607
649
731
87
871
990
898
457
734
88
545
254
546
861
933
130
896
478
771
590
483
180
776
911
377
210
342
745
236
51
216
389
988
908
397
461
813
199
392
498
46
895
34
386
838
59
959
519
564
740
476
466
543
134
93
779
772
802
252
219
521
873
931
178
360
399
489
905
902
903
474
681
781
636
401
150
485
56
149
48
231
452
876
649
925
458
337
620
583
997
643
881
716
173
21
291
315
936
356
429
646
15
954
156
537
504
721
281
612
71
89
37
684
942
739
420
24
238
123
4
481
391
375
310
165
232
793
174
620
739
437
599
946
212
410
515
176
190
574
390
827
562
746
620
722
671
121
834
169
628
114
116
698
749
476
464
772
216
277
102
629
735
539
360
969
648
477
136
421
554
5
585
602
965
712
263
395
472
383
183
653
183
36
518
563
459
192
345
536
631
738
719
732
402
516
513
44
334
611
772
131
695
690
935
428
585
271
696
642
504
215
246
785
299
722
651
589
593
501
915
256
30
790
621
942
983
169
278
47
568
498
389
444
257
179
340
301
889
117
997
621
875
682
373
760
732
548
785
564
852
536
213
484
630
719
262
612
788
378
177
910
835
885
801
744
102
153
394
873
822
660
330
651
615
748
35
79
928
883
759
896
62
652
2
20
230
890
525
413
377
663
421
867
94
320
901
808
109
932
879
139
297
492
31
700
231
629
485
960
212
772
64
769
118
9
736
133
336
639
360
841
250
20
863
924
507
88
870
818
162
294
674
127
715
530
144
638
686
519
701
789
126
637
473
96
246
568
365
546
232
347
329
731
374
877
241
682
176
664
317
710
292
452
51
505
94
210
901
184
321
983
138
844
344
738
715
459
343
91
152
816
16
830
416
662
238
90
634
771
175
632
872
490
737
414
710
671
791
799
610
313
285
844
559
738
173
936
915
154
716
164
772
601
93
414
533
512
469
712
421
668
140
832
729
597
874
56
779
526
380
329
55
957
134
750
718
490
860
993
231
716
446
806
57
237
442
349
496
0
170
474
627
538
981
434
623
157
920
448
359
807
819
999
67
538
30
887
813
344
204
408
314
396
281
848
513
704
251
721
458
622
748
761
471
312
454
203
339
119
551
904
487
646
963
977
76
645
271
25
596
33
321
683
210
344
395
733
616
600
175
505
12
192
607
568
999
265
713
511
511
87
332
835
380
738
947
680
903
707
683
703
958
387
900
601
775
979
981
790
46
16
683
483
32
863
95
682
142
652
11
66
445
151
46
659
704
265
843
701
916
227
683
547
396
336
984
236
244
514
614
206
809
3
84
466
726
77
657
426
884
938
613
736
737
153
591
52
301
446
43
955
462
545
938
748
844
603
155
144
462
155
217
790
257
170
955
599
414
120
286
0
495
277
2
192
906
610
35
427
2
16
995
744
286
230
789
58
53
233
784
699
415
663
196
493
647
636
822
420
878
798
349
831
616
743
636
797
118
407
845
990
674
975
630
888
95
270
456
678
844
241
88
148
548
919
952
881
948
866
399
466
281
104
284
393
666
719
923
67
340
463
898
455
633
170
908
330
349
409
155
329
349
659
792
940
746
770
475
837
827
250
304
48
731
320
332
607
607
10
911
77
738
155
940
35
10
86
432
461
35
825
8
707
769
627
289
654
207
918
232
828
972
367
173
587
999
801
934
428
939
722
664
460
712
238
510
88
660
966
680
411
461
63
378
783
602
55
623
726
143
681
861
311
290
35
77
521
576
920
472
107
770
217
718
339
577
226
239
120
55
969
925
97
200
280
862
982
95
490
284
823
354
303
141
696
856
847
396
4
787
138
379
527
212
257
79
123
623
380
48
180
329
145
358
707
762
209
403
347
26
399
291
113
449
360
84
935
936
138
944
815
620
420
935
288
684
621
800
102
560
387
211
895
125
663
998
411
525
729
605
688
297
177
747
422
413
293
152
907
754
379
99
976
811
232
47
421
566
572
874
207
177
312
560
330
714
747
390
614
431
852
866
514
668
947
14
451
470
605
370
568
653
555
121
290
187
942
878
498
475
670
370
665
412
22
278
78
557
385
886
970
495
623
955
880
705
553
529
428
652
190
809
539
135
457
925
673
807
604
461
760
163
283
579
46
808
12
3
152
782
681
720
828
563
177
416
814
284
793
744
487
62
284
697
80
286
541
310
333
734
6
904
768
900
564
785
114
198
556
107
12
598
313
303
788
450
951
329
990
660
403
196
263
768
385
254
841
745
744
891
570
145
509
466
697
757
613
47
193
390
657
215
624
510
281
882
683
395
549
458
30
284
761
440
677
836
13
286
48
619
228
326
168
928
373
531
857
484
877
952
810
547
383
723
93
595
765
896
518
758
204
269
837
801
995
205
939
273
10
740
368
430
151
599
565
456
64
773
916
62
247
430
320
413
696
533
706
98
226
834
433
120
307
351
718
20
82
681
231
915
453
557
285
984
975
633
956
703
745
305
452
979
189
959
562
913
512
320
766
823
705
839
615
469
65
979
896
581
637
187
494
162
296
806
798
864
255
685
990
706
99
743
210
277
307
724
255
381
59
187
183
656
100
810
689
987
86
679
967
487
880
638
454
776
75
948
272
720
644
973
598
983
916
895
666
585
32
280
460
726
465
716
436
256
869
791
450
774
190
550
272
93
868
95
32
136
236
917
770
706
245
564
190
124
868
121
804
825
320
949
950
150
566
994
930
631
461
481
198
62
919
951
757
541
368
911
474
75
761
3
692
749
406
946
506
744
134
761
83
323
185
417
560
309
801
506
390
555
88
319
819
200
189
712
973
599
328
840
799
292
406
31
236
81
529
360
64
531
989
543
748
613
222
138
511
443
353
890
22
688
54
760
428
234
201
427
971
94
42
601
940
107
310
732
886
363
493
515
600
628
724
724
887
724
356
946
863
934
905
920
993
55
232
752
628
197
510
777
876
277
119
676
346
768
502
327
444
602
497
898
964
855
318
622
408
532
934
862
236
881
286
884
238
807
647
734
808
760
107
808
965
977
515
406
462
837
73
793
439
209
651
577
960
981
361
319
171
725
496
986
426
608
682
255
501
837
569
211
840
534
183
979
760
465
467
762
651
792
453
732
93
406
457
825
445
317
324
133
950
608
827
363
601
369
985
247
121
34
283
278
80
66
366
520
925
418
65
321
444
142
462
209
313
849
876
64
764
190
943
264
329
466
276
775
280
577
368
107
548
890
361
752
428
355
995
558
386
363
828
589
794
781
833
256
501
485
184
244
641
963
427
268
803
454
732
680
542
780
568
410
440
750
516
818
551
840
156
299
99
148
515
527
919
868
759
367
212
642
862
940
199
202
753
510
991
920
37
655
499
115
257
152
154
841
297
837
175
302
834
507
578
322
468
613
248
162
383
649
442
983
123
443
49
102
861
111
914
265
730
585
675
161
921
489
83
546
20
488
669
984
783
591
134
148
861
936
886
868
117
500
199
721
43
191
198
245
501
912
840
375
912
746
937
709
319
928
189
712
160
291
91
961
399
279
315
877
843
962
925
988
742
280
683
833
699
506
538
429
264
499
953
957
435
973
181
920
831
430
338
658
525
708
833
859
101
423
845
663
571
374
182
12
813
447
544
833
990
850
486
477
157
152
807
648
607
916
608
636
36
74
872
784
446
27
432
208
917
626
249
991
410
327
77
629
427
286
623
339
702
441
593
755
109
446
959
238
740
301
3
335
613
405
466
635
86
456
105
930
765
893
304
25
891
42
647
230
630
686
743
576
526
139
405
705
156
383
40
476
119
413
969
405
580
303
908
190
95
442
794
222
905
467
929
655
697
273
509
754
744
901
138
866
940
671
726
462
221
223
683
737
619
900
205
993
792
407
666
805
88
648
500
61
585
778
603
904
906
370
83
479
384
780
120
316
376
513
988
139
967
862
839
980
300
61
995
615
160
335
136
826
587
179
278
627
273
384
259
533
301
806
653
749
851
854
599
187
851
337
571
873
967
999
423
120
390
47
837
635
295
549
882
788
396
913
856
852
634
11
965
712
619
854
122
969
475
820
560
360
334
590
962
727
396
362
740
691
256
879
871
190
140
368
601
951
263
353
321
785
701
567
609
180
32
515
607
491
681
672
650
296
299
74
322
862
997
599
200
109
165
487
845
935
619
300
218
548
399
54
196
606
90
974
677
141
113
460
554
979
220
874
407
51
123
682
221
979
665
81
243
521
437
857
42
890
769
243
559
308
804
76
997
90
751
301
143
249
571
611
49
766
143
56
743
400
434
735
409
416
4
754
510
869
990
256
655
615
353
639
334
79
986
249
722
197
560
638
398
89
992
506
625
88
547
44
415
84
993
234
7
194
297
477
528
42
42
138
640
721
986
794
540
782
62
455
931
252
844
250
448
884
615
496
376
462
69
480
308
572
859
46
264
146
254
547
280
191
116
718
946
764
296
632
28
648
201
631
580
895
542
527
477
585
483
779
696
997
957
291
504
650
307
103
162
225
195
110
446
175
281
216
800
397
577
840
483
7
270
80
264
161
551
565
440
431
349
156
955
479
662
402
974
748
310
185
944
128
193
916
339
304
24
357
683
781
882
541
870
113
696
678
118
753
387
727
722
83
580
833
551
702
49
399
557
186
646
827
116
229
123
283
504
629
53
482
965
628
787
329
904
639
812
868
341
616
705
472
229
413
852
422
119
37
906
448
886
310
649
538
545
426
267
794
747
181
606
633
349
690
29
467
280
475
157
49
203
518
17
899
309
374
507
101
572
380
233
717
690
355
914
530
291
308
178
735
752
512
943
974
928
206
662
324
631
431
256
458
251
75
421
584
405
578
71
598
17
920
489
568
987
663
232
178
71
949
356
320
656
976
4
523
322
478
627
831
765
566
940
370
166
742
106
302
514
715
431
362
802
96
491
910
833
889
67
921
502
871
34
613
476
898
762
627
705
761
857
748
808
643
667
29
823
893
994
556
91
765
225
149
326
