837
551
363
865
314
970
93
220
442
961
979
996
979
389
685
325
559
255
579
717
863
955
998
30
795
477
425
414
502
390
780
914
319
27
92
777
907
723
321
383
550
144
625
82
428
644
767
127
765
68
849
668
549
68
386
751
212
533
771
220
490
302
650
83
463
534
64
197
641
802
223
527
707
917
598
868
106
244
669
61
682
374
79
261
814
977
687
586
710
185
368
274
270
205
656
140
5
617
912
286
4
887
800
174
358
281
720
529
755
924
292
769
91
809
188
887
691
779
816
141
855
207
549
689
64
274
404
782
672
758
908
277
68
592
446
386
44
693
989
147
387
727
629
780
485
719
425
287
219
277
406
947
199
762
876
520
439
163
16
851
773
714
256
886
189
194
546
482
728
1
636
523
678
494
442
463
339
986
367
134
533
387
204
206
880
6
216
46
334
327
662
242
1
22
679
636
292
337
449
790
261
577
424
733
958
120
850
488
449
252
94
404
922
776
110
995
413
555
815
375
11
513
40
659
950
183
953
288
380
924
142
323
615
438
734
318
527
423
954
665
723
550
440
81
425
202
224
103
91
325
442
88
492
858
780
866
554
261
78
708
194
145
715
288
224
396
243
892
825
322
624
896
968
899
390
439
318
16
150
667
929
372
368
222
142
329
492
126
678
967
611
191
802
357
946
538
443
994
23
362
610
582
750
943
712
300
480
573
921
446
383
582
110
337
933
24
416
625
459
971
201
11
785
378
604
416
830
479
43
531
469
891
924
463
836
443
529
409
682
254
241
492
919
654
234
112
878
0
971
275
287
896
21
688
276
755
614
197
131
46
831
148
684
308
83
189
58
687
530
456
674
857
764
486
69
12
515
200
472
516
662
772
809
496
46
398
704
169
991
133
134
935
724
916
665
708
814
648
757
553
375
63
130
258
464
787
859
38
716
503
631
675
450
406
816
524
432
88
113
774
961
433
10
140
184
811
882
435
914
374
102
194
629
777
88
677
397
106
340
323
141
586
494
939
416
120
229
798
384
652
660
45
798
853
920
65
631
752
63
780
371
445
600
799
932
360
887
417
71
534
878
65
625
748
124
965
161
853
106
770
326
86
413
783
143
81
119
746
726
531
208
729
60
778
359
103
596
591
519
896
547
179
102
446
599
187
884
74
709
83
407
738
910
80
877
421
447
52
222
67
639
661
839
530
908
524
820
616
725
693
484
614
58
412
930
898
856
46
605
204
472
184
470
538
244
620
105
933
868
23
893
840
615
815
2
559
423
710
159
445
890
437
100
215
858
811
877
241
14
462
49
938
100
346
964
634
898
990
57
411
194
584
790
742
36
573
257
480
517
175
242
912
483
56
148
144
709
264
279
33
159
86
389
791
857
309
359
898
897
577
61
572
490
306
174
132
721
286
452
316
423
848
578
656
904
493
430
967
395
224
991
479
371
76
689
564
719
915
601
36
293
109
141
786
599
496
576
386
79
380
268
649
755
830
211
34
557
356
840
970
155
279
71
725
653
204
463
208
450
442
403
639
773
230
489
491
889
836
528
488
814
247
172
502
741
998
134
432
169
79
438
471
393
228
714
878
431
956
782
434
355
659
432
608
392
522
840
975
161
651
971
958
373
211
66
426
666
290
836
494
844
672
176
822
967
729
745
52
5
467
711
604
126
152
140
280
433
481
984
224
830
606
189
638
85
941
102
986
761
602
641
289
937
942
53
606
926
705
993
393
376
409
526
671
303
447
664
86
958
230
767
909
192
170
432
985
719
800
991
766
981
768
536
769
189
298
862
24
147
278
505
573
55
229
295
868
217
409
666
135
336
538
77
212
66
272
984
705
507
534
374
983
141
272
522
368
77
709
763
63
666
666
622
850
160
217
310
869
307
863
87
509
223
248
950
335
7
552
296
739
710
695
714
942
212
444
378
611
516
704
457
566
109
896
978
119
834
868
269
491
262
660
188
332
449
323
456
203
61
413
910
130
649
909
281
241
116
274
170
344
508
734
315
978
722
118
752
564
561
905
353
976
517
400
694
63
232
320
42
262
577
906
814
128
127
5
236
151
991
80
272
669
349
815
811
390
147
271
32
228
638
873
967
614
639
681
237
452
56
604
795
21
168
477
184
612
525
686
641
938
576
126
737
529
314
687
952
848
905
462
432
53
42
634
256
526
745
544
43
333
753
595
236
934
890
672
913
634
352
15
176
552
219
881
448
488
842
746
694
636
740
666
253
831
156
524
301
868
582
83
306
39
322
180
506
331
284
490
789
49
222
86
839
391
765
693
715
357
523
194
619
451
26
88
930
507
448
645
962
185
756
905
408
396
139
881
738
65
667
190
354
596
511
242
28
313
984
603
363
224
546
641
873
998
679
414
869
96
713
133
963
641
659
485
446
990
425
356
323
386
976
861
73
885
187
616
656
603
835
133
638
934
178
955
365
920
214
857
552
889
969
861
602
314
126
578
67
960
174
470
353
877
713
982
408
198
5
620
822
579
537
465
525
123
557
857
223
997
918
922
426
513
425
967
564
789
26
853
52
779
585
65
873
505
951
862
117
598
731
644
684
151
13
843
827
646
872
782
486
226
494
632
495
784
755
276
626
231
613
2
199
369
598
510
620
30
229
506
759
340
361
58
220
750
850
197
29
194
955
335
283
831
424
890
543
306
234
935
77
508
20
570
602
63
145
997
369
291
111
596
181
642
430
371
542
421
631
652
758
857
873
293
850
409
490
962
967
558
226
915
898
593
414
521
777
220
380
364
2
456
47
383
103
715
70
228
756
185
14
760
785
258
166
548
954
999
31
206
955
693
213
642
172
262
332
457
505
558
839
19
636
839
616
996
96
622
94
836
550
318
401
153
808
124
83
134
842
642
912
414
944
177
948
856
91
961
293
29
192
235
676
981
383
754
505
352
292
208
553
526
60
587
830
349
731
705
336
184
456
21
860
484
281
424
297
491
963
326
135
508
810
475
47
476
927
440
621
981
396
768
786
935
155
182
491
650
329
121
95
281
654
13
187
222
16
518
906
804
873
703
828
535
659
741
992
128
466
364
907
231
888
187
522
838
928
256
404
376
290
568
984
454
801
701
116
46
919
716
269
941
132
732
592
378
78
645
196
87
932
60
677
306
94
834
414
562
586
387
825
262
827
21
993
770
881
956
51
16
863
63
816
890
823
201
566
356
482
530
338
725
825
7
136
377
564
887
979
628
88
787
612
63
976
113
80
322
626
122
614
76
219
952
497
885
444
614
230
721
957
758
289
721
113
215
790
62
707
441
605
115
751
631
388
54
714
619
220
124
325
225
688
232
988
26
733
922
690
830
728
795
650
948
338
230
166
918
558
152
483
162
243
283
136
566
510
626
28
782
151
456
341
459
825
159
189
175
987
613
125
809
588
469
901
430
890
463
829
546
977
810
500
170
39
115
869
463
133
109
219
943
363
861
843
407
20
932
266
936
257
522
738
760
705
996
626
702
146
469
465
706
786
420
224
835
300
131
34
399
12
525
771
845
893
425
518
658
413
702
106
300
144
778
93
489
914
558
524
769
658
372
526
278
996
502
989
199
296
732
254
126
19
201
640
756
506
805
995
469
332
127
824
291
890
650
85
609
457
830
193
375
216
791
397
198
699
766
551
86
27
497
885
989
731
750
829
671
273
400
567
735
875
377
244
13
715
752
298
293
72
643
758
602
576
758
463
653
177
428
0
12
861
795
665
193
731
220
472
168
154
743
23
682
900
71
590
163
765
939
727
875
291
426
463
385
507
293
375
159
867
332
23
297
57
886
626
263
626
427
752
152
520
791
191
393
351
628
97
432
360
455
205
704
379
826
715
551
377
151
544
912
342
131
795
949
289
291
456
410
968
61
471
492
937
618
423
269
317
658
755
101
392
159
685
195
857
389
542
987
232
167
790
284
903
318
291
711
71
739
830
375
974
252
199
147
279
168
583
79
638
609
865
961
867
626
77
246
506
389
925
341
502
939
952
703
697
471
113
906
693
224
949
158
258
440
909
810
712
299
843
619
789
694
794
494
410
668
895
205
449
816
195
987
778
181
818
185
329
165
645
302
243
100
487
436
213
261
981
921
148
265
681
732
289
249
148
430
114
140
699
502
716
700
896
286
597
167
246
108
128
29
148
513
492
329
757
317
870
41
554
376
335
926
183
526
226
454
38
715
437
388
266
633
397
216
489
625
722
353
418
146
593
739
424
175
577
474
999
689
728
744
235
127
601
223
673
182
625
579
111
401
137
160
837
352
671
996
144
282
178
137
900
897
527
257
790
583
196
681
66
706
752
635
120
661
737
693
433
973
605
675
836
449
389
966
50
460
234
431
842
412
936
377
206
658
349
872
934
206
492
69
622
497
266
107
145
726
507
640
859
438
349
626
945
715
274
560
939
254
853
784
987
986
931
628
751
191
122
344
256
744
681
679
133
528
826
405
953
223
617
748
803
145
282
26
960
961
126
176
780
384
597
533
147
523
326
178
631
814
154
28
137
334
547
494
747
796
109
805
244
107
253
549
229
265
30
436
661
826
767
227
190
887
899
534
756
541
595
130
488
590
220
450
393
166
377
124
183
469
524
355
51
296
676
779
514
937
528
749
202
727
317
860
203
763
971
80
546
96
158
323
395
888
531
659
101
807
999
371
674
878
79
806
463
586
578
650
297
614
391
899
120
808
953
327
210
489
2
99
880
342
588
518
187
69
278
527
166
402
778
323
384
435
54
668
717
139
393
753
319
723
183
794
262
317
28
801
181
761
607
910
691
912
513
0
628
258
543
894
460
898
610
263
967
818
500
777
512
952
769
25
832
626
632
574
124
977
585
754
910
297
246
794
440
198
445
468
264
414
753
104
190
453
668
865
979
298
963
388
730
363
584
897
323
800
777
402
262
623
349
76
2
526
300
823
383
398
823
558
813
419
278
646
401
324
709
35
777
744
551
237
355
688
583
899
139
713
458
735
462
363
16
442
794
746
217
251
466
797
539
716
572
258
780
971
644
125
204
417
805
451
463
668
661
571
53
129
106
942
182
495
984
759
8
841
741
183
264
73
338
184
163
641
234
320
123
993
937
695
417
496
492
558
922
546
136
928
811
144
492
89
622
782
360
292
281
622
856
764
417
547
727
97
381
927
554
684
980
5
198
112
605
867
655
391
53
604
939
696
35
744
93
735
525
542
349
406
881
549
480
734
457
853
363
197
42
466
460
782
357
255
140
724
552
444
739
448
289
139
146
38
385
877
53
210
0
165
420
201
180
83
142
355
139
273
902
402
349
469
624
597
153
176
278
228
582
599
347
609
469
480
923
675
782
378
208
983
367
142
248
927
710
815
810
326
508
954
430
537
559
589
302
86
46
974
961
794
156
208
166
927
949
332
284
79
320
498
764
132
575
766
540
979
984
284
469
114
245
231
299
53
983
63
531
329
318
274
890
78
150
257
226
723
551
923
942
25
454
167
505
40
360
459
665
419
513
756
389
970
932
709
324
946
228
419
621
755
175
762
229
306
536
218
180
360
702
937
519
655
174
210
753
857
57
300
260
278
883
62
919
533
255
818
404
266
652
978
577
51
659
87
871
879
618
302
583
844
941
348
665
687
383
28
983
153
868
719
920
661
198
794
261
570
621
253
442
798
635
802
465
717
810
508
589
63
114
71
655
962
865
254
383
376
147
928
384
771
799
935
794
357
424
216
828
132
112
639
125
489
156
854
713
952
761
467
438
789
323
184
814
702
903
235
300
907
659
141
528
192
435
43
564
301
176
24
419
454
169
658
564
347
707
129
223
460
577
226
878
284
847
883
931
725
439
475
720
390
808
354
797
198
103
99
441
688
966
809
247
481
71
75
437
597
751
834
236
668
888
986
545
815
536
746
642
960
865
764
664
535
129
683
872
668
632
327
424
343
49
921
991
836
206
823
938
265
723
261
278
591
557
730
660
575
27
430
109
209
778
374
809
795
949
314
79
839
599
903
673
478
336
185
734
896
3
416
433
872
829
234
819
858
348
485
568
412
532
722
519
523
960
199
40
667
115
230
76
25
404
419
258
721
719
787
938
352
600
24
280
341
291
753
173
590
53
194
480
631
17
180
934
65
786
27
476
200
324
867
483
725
965
778
174
404
425
799
428
618
108
71
598
994
92
604
566
411
546
877
786
98
465
446
648
253
450
198
474
122
72
719
320
314
561
106
569
455
713
525
474
376
170
666
69
545
118
817
43
420
524
151
317
644
672
242
200
380
302
408
221
2
161
504
429
305
678
526
73
604
884
420
281
636
580
953
835
696
955
218
923
777
55
847
926
545
329
407
944
641
192
308
177
37
56
297
499
79
28
50
253
704
270
756
740
121
117
383
257
139
583
441
123
818
891
184
740
56
653
492
832
942
515
665
50
454
130
472
96
785
38
510
729
234
229
518
156
388
110
123
184
70
537
138
320
822
137
735
622
676
259
995
228
116
187
163
282
910
274
381
362
539
913
927
610
661
177
774
439
359
37
229
910
162
426
870
638
128
151
798
310
59
236
464
576
86
401
600
812
824
59
630
17
131
716
833
610
11
290
483
935
195
794
325
575
970
234
636
849
473
397
324
912
22
451
544
300
435
639
939
404
651
154
0
620
783
913
228
296
295
716
681
143
968
147
468
136
109
217
459
4
466
509
564
848
439
830
764
762
79
57
505
415
253
255
725
118
910
973
695
974
316
191
52
320
766
424
550
145
246
441
270
128
641
355
912
90
997
328
204
603
997
446
534
524
610
57
335
375
527
688
678
627
577
834
958
177
390
587
902
493
93
427
974
292
840
177
686
4
669
644
174
453
155
24
174
13
271
838
649
132
450
714
181
914
701
375
46
42
918
95
15
150
338
230
838
858
383
803
803
918
699
61
779
883
210
808
160
920
941
193
765
207
594
760
712
835
491
544
202
575
45
853
919
312
36
560
548
162
1
570
407
125
696
785
249
963
654
387
935
189
833
562
868
160
766
922
312
614
563
703
853
570
572
838
731
78
27
460
984
224
759
498
336
922
945
764
913
445
95
377
209
357
263
48
867
507
357
619
7
907
522
53
558
810
579
868
53
700
511
643
745
463
637
150
555
222
695
292
593
729
700
890
549
896
227
990
201
931
983
186
324
748
366
962
103
839
115
930
734
640
304
528
263
260
741
54
367
578
597
33
244
690
324
629
437
906
171
782
911
180
956
407
754
945
986
751
780
634
248
690
979
807
13
146
664
943
957
769
148
609
293
536
783
276
168
544
611
290
795
589
326
170
280
232
199
541
148
573
564
579
361
756
567
408
783
831
878
343
756
582
10
985
125
124
27
756
175
413
816
333
559
358
563
515
696
961
745
262
985
435
949
869
102
204
405
565
901
753
154
86
878
34
815
373
50
303
732
898
46
265
177
236
637
992
442
511
392
944
443
392
860
327
626
348
442
703
928
282
486
322
293
107
861
352
265
842
996
802
842
100
737
559
550
601
251
827
856
662
456
40
77
861
803
349
792
154
623
430
864
900
715
662
23
338
174
447
397
178
103
601
218
547
190
871
517
100
734
486
713
557
336
392
915
313
188
158
305
462
729
621
687
719
712
836
184
652
714
419
323
58
705
523
781
98
533
51
565
850
384
567
636
929
224
138
21
592
383
522
55
5
981
174
451
798
275
107
732
818
863
232
19
654
235
846
216
266
494
479
625
666
137
672
144
84
443
977
708
476
149
372
501
227
24
703
333
702
49
386
401
603
464
149
567
442
948
288
81
588
948
805
781
233
458
480
602
605
367
878
726
380
27
58
778
720
368
866
829
941
446
144
965
487
279
480
350
354
419
193
796
869
218
433
39
622
14
296
782
12
244
336
903
877
341
512
80
484
214
226
792
386
334
202
352
868
187
634
696
282
901
26
157
164
852
716
970
455
904
104
185
80
389
163
804
294
189
689
864
955
974
845
794
528
847
572
747
491
375
806
598
11
819
212
513
782
711
698
43
782
788
31
411
346
291
962
662
943
860
735
199
297
991
405
137
327
576
392
59
887
809
474
411
777
503
793
50
883
379
715
253
964
68
663
22
427
452
591
215
384
295
492
910
868
310
884
398
49
118
626
692
518
581
991
848
972
409
909
543
804
970
664
125
202
247
579
365
296
541
765
12
964
293
675
731
295
919
444
895
845
244
279
481
637
585
354
320
78
793
809
358
993
283
429
259
647
173
75
343
86
700
915
482
327
82
389
383
38
337
443
584
800
201
539
964
86
516
220
73
687
365
170
558
74
825
187
109
181
197
784
967
520
89
228
865
389
705
934
876
847
409
469
897
512
236
493
174
332
210
764
564
616
768
149
805
102
648
870
87
386
184
534
27
608
86
412
49
491
704
487
242
819
120
349
846
532
233
377
756
622
317
582
124
961
465
15
779
898
212
263
488
506
264
813
182
185
588
860
764
655
271
609
110
652
283
401
754
227
479
453
946
635
971
127
533
379
398
342
678
435
871
495
616
875
896
512
471
253
34
715
943
806
403
587
410
807
2
787
237
688
129
234
273
400
595
604
349
245
983
717
678
196
837
950
917
585
440
688
190
982
702
477
581
727
825
271
37
257
443
176
931
361
520
152
1
351
355
728
675
568
585
319
521
983
668
598
735
474
195
870
253
370
978
234
569
341
757
646
778
297
797
664
344
85
857
971
95
225
550
959
826
746
910
133
238
178
288
487
746
530
846
258
81
208
405
946
527
852
77
764
769
501
593
68
808
359
303
135
969
610
189
789
949
901
13
795
248
0
878
75
374
916
512
746
195
710
71
803
316
977
872
57
257
195
210
826
736
989
239
344
237
846
46
170
831
626
241
156
27
207
341
160
875
538
503
72
799
263
800
570
159
324
147
906
999
185
314
765
2
652
128
259
581
539
595
165
632
993
681
133
950
686
177
185
725
232
878
611
118
886
782
193
519
34
666
412
868
515
382
843
891
113
714
240
237
88
47
771
935
868
118
396
707
216
929
790
670
292
456
923
954
826
880
347
473
50
36
53
54
288
452
374
90
61
771
356
193
519
592
653
490
576
439
981
703
995
720
133
56
228
198
917
810
63
553
982
155
297
49
308
926
945
704
981
741
345
126
765
171
897
290
199
713
831
158
376
112
81
783
905
347
635
588
316
741
957
945
979
821
846
554
327
917
356
50
376
734
241
307
270
919
946
786
958
734
320
114
476
94
749
676
154
915
554
960
118
301
524
724
327
46
975
640
334
578
175
51
408
827
841
734
848
786
789
688
598
250
851
955
730
354
223
635
760
887
437
776
751
842
9
272
789
276
112
36
783
13
159
379
546
671
615
603
390
207
254
594
845
123
503
685
963
843
881
60
463
98
526
345
512
532
676
794
26
579
619
873
977
160
833
370
625
458
565
731
174
7
702
817
979
96
960
306
214
561
598
206
909
920
706
342
115
74
144
159
129
670
606
559
927
438
185
569
522
627
236
49
538
408
137
121
687
181
257
398
363
23
787
8
304
346
681
655
5
876
200
296
868
275
374
905
404
905
802
282
561
47
495
176
636
605
114
788
269
91
338
8
127
173
932
757
739
930
444
343
853
614
209
126
712
149
383
752
35
184
839
299
458
816
223
748
842
963
663
617
206
801
266
320
146
554
918
86
436
854
241
481
204
31
245
349
261
447
808
241
742
628
702
22
604
556
174
410
885
651
217
792
552
870
93
95
818
428
877
359
715
917
105
177
740
343
829
151
481
552
437
414
534
357
54
930
968
342
974
395
594
759
468
293
951
538
645
634
850
413
16
404
897
842
230
718
931
41
688
98
904
598
536
728
658
707
459
476
423
807
563
684
916
797
924
247
878
921
736
296
880
470
599
525
978
461
982
330
381
765
908
195
292
365
71
541
65
26
984
61
749
389
478
206
520
844
790
324
231
232
941
972
767
369
773
499
440
483
81
290
416
236
233
157
649
438
103
539
363
4
875
817
261
335
181
550
890
353
694
649
539
916
886
520
255
551
875
657
555
670
152
616
263
386
50
453
209
499
990
303
667
431
178
854
395
735
77
874
287
255
845
879
6
654
679
969
642
367
849
290
744
97
116
844
975
837
285
494
243
186
925
187
912
424
449
613
527
439
189
605
548
643
839
582
215
480
701
181
569
8
609
173
272
583
543
723
745
137
85
673
617
508
572
756
27
145
79
282
8
788
90
316
694
894
731
99
806
222
19
900
633
675
449
736
120
669
157
538
378
817
291
87
276
946
611
812
729
413
854
259
712
561
369
753
954
603
873
657
843
837
210
297
9
618
260
646
677
279
686
392
420
96
741
431
249
89
701
748
637
414
200
217
118
977
306
27
880
181
924
703
918
537
564
302
981
569
213
183
15
31
432
559
690
815
538
975
373
554
250
532
907
423
902
509
769
129
275
420
890
85
955
512
143
948
111
919
758
435
857
221
239
170
982
908
532
432
800
480
610
857
495
935
606
381
166
255
515
543
540
156
911
890
976
996
920
93
503
904
132
885
570
520
845
405
860
399
984
211
500
668
136
997
121
401
220
286
616
978
476
412
98
327
88
13
521
307
408
666
228
110
190
526
713
711
383
14
153
605
860
182
18
386
220
166
617
593
35
374
879
836
242
198
600
379
347
103
790
629
52
111
363
636
253
346
220
539
363
16
501
399
655
640
392
761
646
613
468
134
268
589
852
866
147
531
115
509
874
991
106
989
41
19
154
977
909
840
3
7
754
602
38
915
880
78
366
468
210
130
383
527
605
664
708
303
615
667
436
57
883
329
33
392
563
103
590
126
673
53
898
916
614
59
970
107
582
520
165
387
950
636
940
773
234
751
367
826
857
158
670
416
712
572
105
30
156
637
753
898
331
61
154
488
201
505
269
512
531
538
448
384
887
209
441
394
698
955
474
532
782
272
377
257
436
498
515
172
775
84
464
278
483
421
999
18
75
548
655
238
500
242
697
342
163
281
660
42
445
428
389
711
837
159
42
733
514
835
432
476
121
45
474
838
768
976
14
649
153
339
865
299
465
0
801
598
776
907
20
908
762
253
163
608
866
303
424
646
103
229
767
492
379
699
572
74
151
940
653
488
40
201
910
88
4
193
871
556
305
257
874
244
398
959
927
495
208
46
646
180
118
398
256
832
642
8
245
978
748
764
611
928
44
405
217
449
787
37
139
336
109
266
491
663
543
839
532
724
594
384
414
255
690
364
846
633
48
656
555
396
506
341
965
55
502
304
331
832
403
931
185
650
574
500
467
18
593
578
989
325
167
679
793
961
9
926
639
852
919
568
545
180
33
740
522
20
448
683
808
526
176
331
711
406
975
418
240
660
427
301
803
205
131
813
578
817
903
742
886
654
923
995
273
353
357
788
730
233
680
982
703
954
342
745
22
578
443
437
157
160
602
680
101
536
928
777
109
396
255
64
654
563
912
409
172
85
575
579
774
334
154
393
392
929
96
712
41
912
392
882
244
601
492
440
786
678
942
170
587
722
964
108
42
140
326
316
322
479
724
630
530
338
397
807
152
530
332
673
169
671
444
223
943
477
797
875
606
190
737
693
199
792
446
406
841
176
338
231
707
486
911
783
60
268
699
560
167
140
807
645
522
568
5
720
287
887
292
479
290
661
973
578
612
689
563
421
93
442
694
977
111
389
105
891
44
480
569
292
849
585
660
818
423
804
142
726
955
59
520
312
970
700
289
416
902
474
504
518
816
459
448
375
494
291
126
950
752
423
317
31
80
367
144
925
785
454
406
758
784
719
730
894
920
90
571
312
91
904
218
563
472
520
3
636
490
494
308
755
78
44
149
402
504
594
712
675
788
195
624
970
298
551
242
104
441
921
32
639
507
256
965
134
824
574
99
553
664
547
16
836
263
204
905
465
713
120
492
316
623
666
34
852
687
797
525
892
212
103
649
70
18
755
789
668
298
707
340
655
623
826
498
705
752
46
534
27
287
330
218
8
13
66
798
800
681
95
576
610
376
963
769
275
583
263
881
151
976
608
440
301
583
924
517
891
226
372
479
438
465
44
954
58
861
168
949
371
445
947
339
590
648
927
913
657
420
605
809
82
165
20
810
549
760
560
533
757
663
836
880
407
386
789
912
650
975
225
242
632
276
658
25
546
521
997
265
728
477
666
571
323
725
786
860
642
108
443
905
972
362
714
658
546
747
49
213
354
929
177
254
418
158
740
386
76
725
254
686
881
507
820
746
301
521
41
816
79
464
364
646
858
651
689
11
815
481
797
868
21
161
513
17
508
953
369
0
391
73
130
708
53
235
897
749
375
260
954
658
914
516
629
491
908
16
126
514
534
282
433
198
181
948
395
783
322
876
935
121
364
819
30
876
917
240
739
282
549
517
988
25
958
700
518
166
47
288
250
47
694
975
725
211
162
777
704
908
51
9
62
266
567
783
769
610
223
918
373
85
628
179
212
42
756
254
298
565
603
11
91
834
239
459
826
247
75
635
173
119
944
902
25
8
791
118
382
925
351
349
861
800
2
776
401
341
929
963
803
622
135
407
602
377
392
878
574
590
546
995
940
969
434
150
348
480
383
983
567
867
134
441
766
425
50
165
43
61
405
680
931
912
792
407
545
261
827
175
677
420
211
941
745
708
859
667
737
435
88
918
689
825
879
206
84
476
654
98
506
468
408
556
191
658
509
352
989
337
60
648
653
166
695
22
606
517
585
180
897
872
755
508
0
511
274
730
795
708
369
708
79
606
803
760
291
565
7
263
360
513
533
436
986
730
459
950
531
926
696
650
136
865
86
923
492
334
969
196
412
896
565
297
283
307
797
976
365
545
321
670
384
697
339
730
801
791
189
137
44
8
222
44
789
622
592
100
469
715
573
239
878
445
544
776
526
579
440
969
268
438
678
449
345
809
447
427
63
7
224
436
149
19
931
832
236
345
122
520
452
547
624
886
67
471
675
679
853
452
292
560
446
141
138
736
854
645
39
792
365
419
155
638
732
283
613
916
321
270
150
656
351
728
698
54
791
986
752
297
252
862
534
238
363
297
879
908
940
888
406
578
729
140
233
72
884
373
426
156
918
761
675
828
482
470
187
22
620
867
608
572
826
427
353
166
82
592
749
705
400
350
955
230
495
144
690
573
559
992
123
50
452
955
972
10
435
346
468
326
748
673
544
466
449
33
279
943
10
75
457
148
147
383
650
642
495
201
420
971
553
855
802
476
814
718
318
663
552
84
520
459
987
282
260
858
191
548
340
967
368
117
949
87
350
772
34
670
880
175
197
311
518
11
53
585
963
781
422
149
838
643
873
650
716
295
188
651
776
405
675
274
104
929
62
252
945
112
705
674
281
552
835
529
114
698
81
550
254
445
141
519
807
788
898
561
144
247
997
938
234
527
818
173
746
671
359
784
149
518
217
496
215
137
660
774
614
214
637
680
534
769
963
486
945
676
756
851
172
111
873
74
308
474
10
31
264
718
299
306
778
258
841
418
674
640
138
538
677
772
80
109
10
36
692
420
525
679
795
221
881
534
983
446
178
60
629
750
714
269
639
852
490
886
812
795
17
948
710
695
343
535
104
132
738
108
750
625
258
255
950
392
332
274
976
216
155
946
609
985
118
458
48
775
675
72
478
976
295
90
923
920
461
566
878
769
38
639
628
318
994
625
47
827
956
49
387
405
810
751
260
698
126
67
213
678
952
679
243
409
865
687
67
932
854
299
354
288
319
761
388
599
921
951
128
214
123
407
463
906
866
580
830
991
231
735
927
773
471
43
106
471
393
628
560
833
378
265
541
267
473
183
568
703
193
410
316
150
433
396
932
915
616
950
429
652
470
788
489
453
455
158
528
3
574
696
415
125
198
185
132
869
356
333
38
394
535
943
969
568
919
861
665
100
37
510
575
478
701
207
864
737
424
796
569
2
13
936
896
80
715
634
797
885
413
724
610
77
563
816
205
599
888
779
964
701
307
455
925
4
752
525
885
149
665
108
835
644
969
583
610
1
147
66
833
652
463
27
771
770
684
394
852
278
967
734
909
519
987
341
605
249
532
686
266
917
227
981
376
459
339
786
10
817
913
188
833
720
354
875
198
855
669
323
769
751
258
984
609
743
337
405
418
490
460
464
841
626
850
602
790
621
917
759
14
316
546
730
304
360
66
800
352
573
353
190
215
60
155
477
410
919
532
872
623
395
272
675
914
144
897
121
461
350
868
104
138
487
816
253
203
409
457
267
263
942
955
838
347
250
179
301
389
325
142
358
803
633
591
740
797
785
93
838
508
256
986
991
264
586
937
586
778
450
822
921
575
365
567
93
989
88
40
855
962
766
87
124
282
0
184
20
672
869
859
413
810
121
753
131
380
800
562
30
61
310
28
964
805
799
580
404
746
85
203
837
839
193
765
92
364
684
480
15
478
974
413
308
259
460
768
809
982
845
647
988
203
221
236
430
179
860
599
557
235
121
439
709
342
930
256
652
835
782
166
539
535
277
679
168
352
637
984
854
184
234
593
808
373
915
472
93
725
289
883
130
866
179
592
814
77
467
955
691
810
942
207
868
672
205
105
677
24
539
824
552
410
349
771
868
709
483
985
868
85
798
685
525
115
385
138
534
763
735
344
552
563
907
722
940
592
964
734
281
134
376
179
236
552
988
8
53
68
674
97
57
438
476
656
687
494
775
748
534
931
994
692
450
248
257
34
874
719
495
334
333
504
438
166
293
894
145
217
904
842
795
445
298
884
204
720
161
380
111
76
647
310
541
392
217
511
231
366
492
990
341
389
168
945
46
486
910
159
613
355
780
26
482
207
122
381
432
570
484
795
474
826
766
492
967
837
335
303
387
668
314
432
545
716
160
662
680
991
680
645
612
483
598
532
82
487
70
10
875
505
978
599
685
24
151
557
706
732
475
192
993
399
386
112
323
300
92
524
358
753
417
305
194
466
142
139
728
553
541
504
839
955
735
634
889
424
30
664
308
242
382
815
836
254
251
127
258
532
649
600
998
521
716
916
621
21
302
886
398
752
574
846
212
315
270
369
754
356
675
102
252
500
531
817
430
70
914
793
602
183
955
917
283
895
354
683
132
49
373
993
365
379
106
63
280
658
589
630
679
570
884
672
889
669
192
349
885
336
761
844
421
927
24
384
947
167
841
365
177
679
652
173
487
314
25
523
282
920
801
112
747
468
13
972
496
950
103
947
507
433
331
740
649
715
855
135
100
848
505
543
360
728
142
600
454
570
389
456
936
162
650
253
865
955
700
107
429
287
132
803
933
937
590
281
901
995
628
765
573
677
378
548
845
86
845
862
764
299
763
445
549
613
639
955
212
934
237
901
490
646
949
117
834
577
289
496
200
287
505
50
793
838
904
755
633
592
716
837
797
131
571
259
597
788
373
193
210
426
777
84
777
427
845
59
889
402
605
749
900
245
601
873
616
860
973
902
936
760
754
995
363
219
571
151
818
199
840
431
76
807
585
43
565
559
472
71
564
90
904
46
892
132
868
73
239
643
895
276
461
364
981
344
811
567
163
156
554
984
661
75
623
232
62
212
153
31
143
486
953
706
675
896
258
428
870
542
798
115
699
461
29
770
459
675
528
173
904
331
331
259
181
248
293
740
13
350
592
871
945
28
607
407
713
788
616
725
642
280
328
702
363
57
109
449
869
229
933
44
494
102
939
559
399
267
598
651
661
486
145
473
471
143
157
164
62
9
732
752
184
707
259
251
679
417
361
712
737
803
435
904
558
910
729
769
76
568
445
581
421
969
320
7
484
76
553
19
834
432
506
43
494
492
231
506
877
183
134
34
347
6
79
353
780
877
307
303
177
702
185
159
79
667
807
101
640
780
540
936
173
554
863
942
716
228
669
880
243
861
442
570
437
740
612
476
856
766
544
905
434
676
73
387
982
832
719
438
691
279
249
908
594
316
448
856
51
482
183
347
911
11
187
753
896
88
464
421
773
926
619
137
813
324
36
433
642
521
138
133
103
209
787
998
234
181
343
109
675
651
855
131
92
970
46
856
841
114
806
647
721
104
236
717
967
790
768
823
125
971
165
100
51
502
554
210
891
874
27
486
325
117
613
963
930
824
874
338
566
674
996
407
180
270
722
18
2
768
162
276
932
888
736
392
135
545
378
500
941
516
778
118
444
643
636
457
535
629
404
438
651
110
223
801
122
264
21
736
89
415
534
483
805
678
696
659
193
484
797
592
835
422
345
857
281
523
960
295
709
243
102
408
248
619
358
196
332
768
213
903
307
134
890
772
978
9
28
820
547
142
794
207
900
96
815
206
839
837
974
968
321
598
235
977
867
656
609
67
726
797
636
221
11
279
588
954
331
278
42
636
148
746
825
773
926
672
384
575
234
439
35
164
631
309
314
90
618
520
373
29
747
628
589
707
448
400
478
81
345
533
210
317
414
904
191
953
995
42
982
460
510
671
270
676
999
10
320
144
72
688
642
271
288
204
931
31
364
416
247
346
550
118
178
427
363
655
984
921
299
322
16
703
492
752
395
669
584
75
984
466
793
877
808
411
268
180
243
740
6
746
211
348
498
993
34
127
540
311
637
358
504
137
782
535
358
631
281
395
455
499
933
562
751
549
894
746
611
253
556
542
383
439
876
918
187
650
452
283
47
542
50
385
900
248
438
448
356
64
629
921
965
864
238
901
281
947
179
312
900
79
905
875
85
71
755
641
300
461
765
293
678
664
351
299
112
869
721
187
526
88
57
524
18
681
232
277
98
647
924
259
977
544
941
781
874
43
165
464
298
970
397
533
537
998
581
137
515
320
154
158
24
341
537
770
28
908
494
850
447
141
243
85
976
711
381
223
801
842
109
267
193
473
119
409
968
829
786
571
749
859
26
235
687
457
671
955
504
53
101
567
981
641
776
754
6
846
937
685
98
948
490
87
225
861
55
572
165
122
970
650
426
764
454
924
403
991
303
335
553
940
86
30
502
826
954
607
69
651
182
648
235
195
231
522
319
562
122
18
479
224
550
778
711
728
746
125
769
830
115
770
191
125
802
193
932
351
116
801
279
781
77
699
95
906
784
407
151
309
73
964
718
884
811
578
685
830
460
679
607
736
136
684
564
492
124
288
198
350
47
276
306
686
717
548
302
896
298
560
983
652
886
300
276
478
674
471
661
764
724
817
577
210
540
160
480
733
944
936
555
209
199
206
640
736
378
202
638
382
968
360
847
548
240
502
743
271
206
236
868
900
575
358
751
258
139
216
259
567
60
964
392
464
690
693
794
227
121
343
974
688
237
863
315
551
251
948
313
772
543
135
749
238
464
240
416
153
438
503
729
108
779
911
810
831
516
742
780
515
926
52
361
445
206
826
246
579
134
458
159
946
538
662
729
682
641
796
222
564
904
564
216
365
458
576
564
720
482
596
134
100
783
908
168
334
28
462
777
92
331
899
662
94
119
976
274
458
714
692
605
772
687
924
665
64
457
68
539
750
885
915
570
294
301
877
612
821
697
9
773
791
928
691
62
31
764
122
828
712
287
566
284
994
827
282
63
243
68
508
763
824
635
374
152
406
679
169
152
783
493
734
928
562
902
527
904
846
236
475
240
962
893
576
497
975
35
453
954
455
809
5
656
602
711
636
31
221
41
312
208
817
325
720
700
521
54
743
12
14
341
490
111
75
607
125
101
186
35
731
309
787
243
88
19
810
316
806
84
520
241
63
638
297
816
25
753
291
752
770
852
716
711
985
807
466
715
681
816
769
567
923
5
395
30
977
870
184
7
438
857
939
41
817
744
287
55
389
144
476
706
17
715
472
21
226
248
984
98
772
627
572
314
583
704
376
326
925
701
969
938
808
839
124
172
64
81
985
24
370
0
553
712
374
53
986
654
6
876
103
512
106
388
481
172
208
45
117
387
368
897
973
860
131
980
926
121
949
257
184
680
142
557
974
503
289
756
898
299
161
283
642
827
291
394
860
654
274
147
484
701
580
267
787
826
905
852
841
984
489
999
44
441
328
257
44
598
849
107
126
754
757
275
661
584
121
217
753
222
507
788
393
501
680
692
920
664
462
74
533
273
389
714
583
738
768
69
873
923
741
619
728
69
126
964
532
381
844
115
747
393
151
72
602
948
723
82
629
862
717
638
730
793
965
276
400
324
755
738
925
215
770
164
852
321
116
306
685
467
127
394
741
120
245
173
678
732
235
636
846
790
310
28
797
615
219
278
17
281
710
654
700
639
753
993
974
297
658
442
873
568
368
477
854
601
331
137
513
682
109
823
917
386
360
561
682
154
896
846
833
789
724
326
491
296
853
167
458
45
108
453
946
564
632
24
467
541
45
305
363
934
24
620
607
780
517
600
326
437
735
903
671
8
182
470
254
107
187
571
942
725
894
939
566
129
277
831
886
135
871
754
189
660
861
792
603
92
184
999
502
42
359
429
508
715
44
376
435
428
283
306
847
757
554
399
924
183
395
252
699
627
855
860
171
348
905
330
224
254
788
707
924
811
342
562
11
989
92
603
617
374
237
883
501
287
250
880
553
223
836
412
344
678
768
781
956
469
513
196
149
752
226
661
884
978
18
946
838
783
710
744
787
194
594
767
156
890
115
460
897
103
793
24
357
698
572
117
470
527
122
523
65
654
592
823
92
249
720
813
524
421
502
422
413
800
112
486
28
36
67
608
652
753
657
225
202
749
481
962
953
227
58
19
555
238
790
750
427
595
633
773
7
914
188
375
434
782
910
779
961
508
572
463
621
231
664
40
111
880
507
538
288
258
303
489
581
567
752
138
223
976
667
797
176
580
216
0
524
814
413
336
516
354
104
87
26
803
152
375
366
42
414
732
180
742
214
200
557
948
975
680
690
973
16
865
69
285
167
137
932
322
917
845
348
714
581
388
869
62
570
607
301
75
777
159
22
304
402
564
952
13
191
862
786
36
13
844
536
613
390
514
443
836
884
875
276
91
322
716
441
384
713
673
649
111
615
389
385
941
105
681
526
380
561
799
698
526
954
43
100
485
558
495
895
707
887
766
324
990
857
167
15
913
120
616
606
147
749
163
864
413
361
696
805
140
292
164
252
755
657
557
520
156
983
10
12
1
473
879
159
747
795
287
824
404
241
593
553
299
550
150
429
650
335
818
195
790
274
665
47
708
819
823
694
622
217
279
612
608
242
306
384
610
351
898
506
732
895
6
112
626
100
566
23
80
611
114
522
337
181
969
556
290
563
186
36
31
81
588
98
296
513
1
527
460
236
694
175
816
50
50
282
207
369
303
479
93
419
189
125
537
595
256
524
715
802
704
252
818
61
871
295
370
105
371
727
37
293
952
230
342
886
763
437
627
828
772
563
406
674
359
648
193
940
293
144
507
987
236
74
511
563
827
602
761
873
386
163
86
221
740
478
654
607
613
343
222
604
331
18
468
378
649
540
964
119
350
174
970
205
512
561
244
240
119
878
284
287
691
77
93
757
770
14
190
59
512
765
791
169
502
349
963
215
981
780
177
423
901
399
897
131
164
380
771
847
26
313
207
488
570
421
714
18
957
506
403
487
957
253
28
375
457
773
216
452
870
189
486
289
155
739
271
142
234
544
874
773
120
538
177
182
806
742
958
823
688
739
240
949
50
471
759
447
282
406
993
564
282
838
245
681
669
286
996
350
874
167
33
710
766
465
803
675
398
685
571
334
604
428
599
901
433
120
863
493
222
538
308
834
602
579
734
218
298
524
781
771
476
610
516
21
372
912
156
616
153
95
194
937
726
567
960
94
356
822
652
265
385
96
857
393
272
941
714
570
11
783
473
824
726
585
323
462
899
698
317
73
190
804
269
91
121
230
704
900
912
47
643
338
600
993
876
752
68
118
966
682
176
136
975
91
215
11
695
120
224
687
654
78
925
566
100
431
925
279
851
966
520
478
39
283
842
229
832
181
470
15
488
705
372
408
243
352
268
437
488
889
450
669
590
714
736
765
145
104
262
244
749
358
586
762
862
772
34
369
607
549
309
336
707
523
549
84
361
999
435
897
104
673
940
43
337
893
419
499
745
740
8
829
216
534
280
739
498
150
384
979
605
357
504
450
231
710
487
784
115
453
310
301
634
710
331
6
86
777
831
939
941
752
277
706
7
464
408
329
791
328
35
430
590
292
832
794
474
394
713
169
271
253
59
674
309
761
480
302
997
710
129
272
578
659
828
845
123
591
535
15
336
246
490
121
289
829
191
76
905
526
242
104
875
717
489
848
889
371
687
685
806
532
791
589
790
265
15
508
434
291
114
971
660
734
112
29
167
479
683
598
543
471
218
315
514
511
324
602
743
367
859
717
612
850
235
12
427
802
567
457
424
471
966
486
577
789
25
644
106
993
950
825
537
461
838
771
689
138
957
633
692
266
152
276
795
627
47
931
687
553
782
785
493
285
671
99
942
630
305
954
143
255
267
672
86
251
190
603
582
215
75
299
781
583
914
375
609
512
280
948
219
33
308
573
346
453
775
720
229
946
72
995
371
656
68
782
413
267
252
131
708
426
799
182
8
413
854
388
514
986
949
492
430
844
677
576
929
97
787
314
335
35
37
387
673
846
81
111
534
132
492
280
957
755
66
278
552
564
73
571
614
339
13
503
971
125
248
998
882
807
241
56
880
647
89
73
963
607
531
345
800
182
819
91
685
802
651
275
931
359
396
575
975
959
312
581
163
842
126
235
672
930
815
722
126
426
160
117
695
42
974
875
4
597
598
67
742
508
350
103
16
588
251
770
814
159
494
28
448
140
865
625
492
355
832
849
759
527
12
598
215
104
486
187
639
311
467
915
842
626
186
353
689
736
855
667
217
496
833
159
417
266
493
135
587
878
77
98
811
967
620
660
944
563
223
672
259
610
340
225
517
974
551
539
748
67
605
569
509
436
945
904
94
984
969
114
202
288
193
91
588
90
173
36
548
197
409
440
703
218
617
18
944
456
656
434
839
36
379
520
574
934
786
535
932
206
261
745
198
654
168
688
227
432
257
713
190
199
651
104
503
220
24
677
600
248
214
942
411
805
228
301
394
224
609
671
180
430
949
657
393
150
206
984
366
226
700
550
171
938
314
642
355
891
718
293
974
83
149
723
803
372
561
870
49
93
223
83
871
894
231
329
303
509
557
500
862
996
170
742
823
767
393
623
301
462
75
912
548
674
148
834
663
299
33
883
636
44
713
934
821
38
845
386
809
477
272
609
463
587
707
359
972
206
773
549
11
968
176
983
27
52
168
987
552
239
21
983
283
385
169
108
387
932
700
129
507
976
853
134
830
667
840
747
147
822
368
396
699
506
512
974
776
757
67
144
695
706
594
420
273
408
501
413
782
896
816
235
895
321
408
373
472
269
134
463
854
841
640
494
509
625
239
28
87
150
476
286
782
972
61
731
42
763
563
711
240
861
312
317
591
234
595
883
461
734
182
258
691
441
693
477
885
324
558
226
847
639
781
213
960
575
846
618
260
666
43
621
915
47
812
237
648
246
74
266
288
140
142
680
835
537
550
344
170
309
897
527
408
572
744
7
719
946
610
347
772
251
694
407
354
555
824
886
809
724
733
518
920
230
60
359
485
915
747
305
221
408
254
47
636
475
965
387
983
274
614
527
687
486
646
406
574
830
456
507
802
630
157
184
395
709
812
452
54
177
495
980
970
620
889
249
234
790
963
312
309
611
533
767
690
919
51
120
446
982
46
887
841
68
251
605
259
954
851
74
493
194
337
221
374
320
172
882
434
208
366
648
511
877
21
407
825
79
235
383
997
478
497
672
650
387
850
781
619
892
693
771
886
225
715
139
368
903
299
11
442
175
538
788
285
596
100
36
642
679
887
631
232
363
967
514
239
819
87
28
284
224
842
220
668
220
486
345
458
644
37
271
193
527
825
911
465
886
444
341
35
270
540
746
114
3
595
322
454
387
772
107
938
646
894
734
637
487
275
759
514
975
0
573
833
188
286
181
22
558
593
754
603
594
134
400
597
508
785
202
594
560
707
214
46
930
463
963
810
63
77
200
673
240
338
45
433
535
44
36
734
603
142
699
591
176
577
877
696
121
540
83
3
948
970
561
84
869
613
336
904
88
899
559
66
19
163
733
470
410
677
710
318
958
533
988
867
599
998
416
317
361
983
783
312
168
665
433
971
32
580
403
100
447
17
578
579
478
166
533
417
451
320
941
682
341
4
18
570
183
158
724
274
689
665
177
182
124
520
353
213
659
537
985
178
636
761
291
261
187
508
966
191
250
749
419
593
908
920
758
25
32
796
393
688
669
506
726
40
758
132
332
388
799
612
461
998
831
196
688
680
333
935
538
902
152
841
148
271
869
500
12
931
187
149
740
585
143
760
616
34
132
248
860
978
30
619
951
812
854
539
870
643
789
711
837
231
802
807
774
98
212
582
131
30
483
373
322
999
300
464
880
370
687
371
549
731
258
872
276
248
379
577
429
497
537
482
580
576
707
456
481
778
386
699
791
491
110
441
486
107
934
902
314
813
633
806
664
741
742
369
873
623
388
952
163
519
764
876
269
304
157
447
854
273
326
411
837
555
330
919
168
821
939
253
208
69
872
743
760
439
110
